1.000000,0.077431,0.088264,0.091716,0.062894,0.069398,0.066289,0.111566,0.107826,0.068573,0.094753,0.085591,0.107826,0.073874,0.111578,0.105005,0.078953,0.091027,0.087331,0.049180,0.100425,0.107619,0.104427,0.083826,0.099686,0.065742,0.108795,0.057346,0.130038,0.096440,0.073073,0.084425,0.101101,0.056344,0.093750,0.143787,0.081884,0.080214,0.091005,0.075194,0.087164,0.091047,0.089559,0.060713,0.108219,0.086138,0.125705,0.087416,0.122077,0.091978,0.067305,0.057486,0.069626,0.080026,0.083442,0.097528,0.031817,0.077839,0.102417,0.128912,0.085081,0.088185,0.074946,0.085908,0.057393,0.073798,0.111969,0.096070,0.076156,0.085563,0.085667,0.072198,0.120489,0.114903,0.099371,0.123623,0.123467,0.105597,0.077207,0.125517,0.106661,0.095156,0.098722,0.082039,0.120604,0.115409,0.113699,0.119965,0.102150,0.104878,0.091243,0.072564,0.117078,0.096759,0.097588,0.095372,0.114307,0.077215,0.123935,0.090568,0.078224,0.135642,0.091056,0.095750,0.067212,0.096692,0.060650,0.037823,0.068072,0.100813,0.089748,0.096056,0.078777,0.077287,0.115133,0.118652,0.132737,0.106752,0.098920,0.094266,0.106831,0.091553,0.093976,0.088960,0.092976,0.076257,0.111605,0.077057,0.112140,0.072333,0.113969,0.123540,0.082105,0.110207,0.055824,0.070189,0.084168,0.040717,0.073739,0.067921,0.115087,0.099651,0.101339,0.047793,0.116248,0.113498,0.079197,0.111442,0.096512,0.067344,0.082576,0.093532,0.106801,0.096816,0.081907,0.108437,0.082151,0.098770,0.084983,0.062815,0.073737,0.107927,0.068976,0.106307,0.093446,0.105066,0.098415,0.093310,0.068706,0.066721,0.099063,0.111209,0.067305,0.094288,0.101300,0.069943,0.129590,0.080334,0.069942,0.093022,0.133144,0.077535,0.109294,0.087239,0.077181,0.077805,0.102582,0.087479,0.099175,0.098611,0.080412,0.098802,0.099662,0.128117,0.054370,0.089821,0.114362,0.094254,0.127794,0.098825
0.077431,1.000000,0.157306,0.139178,0.116054,0.090883,0.104771,0.245061,0.212665,0.114204,0.155391,0.165430,0.174306,0.141737,0.209110,0.190163,0.133333,0.176382,0.148633,0.060233,0.165587,0.198671,0.221742,0.132587,0.179168,0.120977,0.187892,0.078478,0.255365,0.190679,0.134455,0.147436,0.150831,0.067145,0.163186,0.277699,0.139240,0.109084,0.130145,0.165502,0.145553,0.153414,0.144858,0.096467,0.182702,0.134020,0.240307,0.153836,0.231752,0.151612,0.129551,0.075004,0.131830,0.169858,0.121710,0.144737,0.067350,0.115504,0.202633,0.211589,0.159005,0.151031,0.106038,0.155693,0.085431,0.132280,0.209001,0.184292,0.111075,0.187348,0.143636,0.126625,0.234494,0.245952,0.179966,0.238225,0.259493,0.198758,0.141080,0.214140,0.215776,0.181102,0.186883,0.172887,0.207261,0.257571,0.231843,0.240011,0.159449,0.216386,0.160036,0.125364,0.246194,0.179815,0.181386,0.156217,0.223859,0.149246,0.228003,0.173453,0.133047,0.272496,0.147430,0.161780,0.135862,0.185408,0.089389,0.064274,0.085785,0.194262,0.164253,0.173904,0.144231,0.118030,0.221468,0.236340,0.237561,0.213654,0.155689,0.177367,0.194871,0.159425,0.185820,0.177280,0.174530,0.139736,0.216316,0.136259,0.212262,0.170617,0.206067,0.215101,0.138697,0.204313,0.082914,0.127965,0.145977,0.058637,0.104304,0.097484,0.201563,0.206486,0.233617,0.082197,0.213639,0.209415,0.111293,0.230523,0.158522,0.113131,0.138832,0.169929,0.186673,0.132273,0.128645,0.159976,0.177219,0.203825,0.132348,0.092307,0.121372,0.221364,0.095682,0.202193,0.164373,0.200400,0.172094,0.149800,0.116812,0.127598,0.155275,0.161767,0.123931,0.177736,0.167832,0.096599,0.243021,0.132391,0.131923,0.160431,0.248701,0.162235,0.226001,0.161403,0.122365,0.119682,0.164092,0.189621,0.153468,0.184230,0.117471,0.182143,0.150126,0.234850,0.069111,0.158196,0.235574,0.160692,0.250620,0.162954
0.088264,0.157306,1.000000,0.195087,0.124657,0.106986,0.073205,0.247292,0.200447,0.104015,0.145310,0.173055,0.193157,0.105138,0.227486,0.175569,0.171876,0.147055,0.151563,0.070188,0.198710,0.236914,0.188975,0.126577,0.231323,0.156729,0.197927,0.131339,0.258506,0.199338,0.101093,0.094197,0.201402,0.067201,0.178584,0.299381,0.168858,0.121398,0.157266,0.134010,0.152989,0.185060,0.136909,0.126296,0.254874,0.171029,0.237212,0.204296,0.220927,0.178789,0.118312,0.088857,0.150770,0.169080,0.116740,0.184736,0.087718,0.167574,0.151507,0.213406,0.190179,0.204343,0.117671,0.170892,0.091487,0.168211,0.201530,0.191598,0.150610,0.139322,0.153474,0.168000,0.195026,0.223476,0.202359,0.233423,0.262298,0.283959,0.214319,0.230961,0.199847,0.201869,0.217654,0.134098,0.192121,0.218040,0.221477,0.206907,0.182737,0.191749,0.128339,0.163830,0.245152,0.207720,0.228355,0.126844,0.215716,0.171340,0.231945,0.147557,0.180617,0.288499,0.150135,0.179470,0.122057,0.176913,0.081548,0.127301,0.086910,0.212447,0.172790,0.181713,0.159693,0.139560,0.251289,0.262716,0.240072,0.217293,0.174503,0.182385,0.166635,0.177129,0.211358,0.123960,0.148727,0.126935,0.236358,0.106939,0.224130,0.141738,0.181937,0.178611,0.150537,0.228370,0.077131,0.096248,0.164171,0.077711,0.119618,0.098907,0.218203,0.188018,0.178322,0.088332,0.238597,0.216194,0.119354,0.172015,0.185731,0.152079,0.136756,0.214393,0.197724,0.142768,0.152634,0.177914,0.203302,0.226446,0.152561,0.135510,0.122428,0.208883,0.083637,0.204671,0.180200,0.189317,0.195871,0.143010,0.142616,0.121834,0.214946,0.174492,0.157930,0.157039,0.169062,0.142349,0.229652,0.138787,0.173660,0.144157,0.286268,0.163148,0.251003,0.165147,0.156817,0.151368,0.179341,0.190637,0.196863,0.153969,0.150399,0.181352,0.154314,0.267829,0.075835,0.117968,0.259064,0.216206,0.263535,0.181010
0.091716,0.139178,0.195087,1.000000,0.108973,0.101658,0.083753,0.212846,0.205405,0.100662,0.146493,0.150508,0.203307,0.115679,0.200065,0.192838,0.167427,0.165119,0.146760,0.062118,0.191892,0.204415,0.189133,0.120994,0.196249,0.126087,0.216728,0.120083,0.254513,0.173779,0.117376,0.124843,0.194416,0.074261,0.175040,0.287768,0.154266,0.116367,0.134149,0.126363,0.142773,0.177093,0.142565,0.095954,0.237203,0.168904,0.235616,0.164683,0.230112,0.168978,0.117080,0.076007,0.116487,0.137489,0.122319,0.195644,0.071776,0.168757,0.170325,0.224835,0.158766,0.166381,0.112118,0.182552,0.096742,0.140654,0.211526,0.188099,0.136711,0.157384,0.158860,0.152805,0.203897,0.228113,0.191624,0.244291,0.243421,0.238243,0.176860,0.229199,0.200650,0.197342,0.219421,0.131239,0.211304,0.227506,0.230315,0.217905,0.164777,0.187335,0.142421,0.167336,0.225784,0.210300,0.186503,0.144936,0.221996,0.147341,0.220169,0.152689,0.150973,0.271925,0.155456,0.164053,0.133789,0.218355,0.086779,0.113628,0.087397,0.202338,0.181078,0.183043,0.139736,0.148345,0.220602,0.229970,0.247305,0.191940,0.169480,0.204409,0.180779,0.164619,0.161759,0.158231,0.170533,0.118685,0.238169,0.131674,0.225783,0.138398,0.183214,0.211923,0.144993,0.219923,0.079803,0.108908,0.147107,0.075337,0.117329,0.101114,0.221354,0.190142,0.190445,0.097567,0.226298,0.214665,0.122506,0.186968,0.175883,0.137542,0.150216,0.187766,0.201309,0.146622,0.154431,0.178262,0.186310,0.191816,0.159962,0.128268,0.117915,0.197889,0.091131,0.214171,0.167455,0.191927,0.172933,0.154123,0.128909,0.121751,0.180736,0.194724,0.127672,0.165170,0.199507,0.132346,0.233705,0.139572,0.143269,0.166010,0.283861,0.144140,0.232684,0.161795,0.173675,0.139891,0.169572,0.182753,0.190626,0.159495,0.136593,0.179121,0.156783,0.253093,0.069651,0.154898,0.236893,0.194838,0.237067,0.193598
0.062894,0.116054,0.124657,0.108973,1.000000,0.080043,0.064905,0.185286,0.202340,0.091204,0.118385,0.116134,0.136298,0.096540,0.165569,0.140837,0.115734,0.116364,0.113055,0.060230,0.119714,0.161066,0.136867,0.078797,0.153798,0.103049,0.139381,0.086792,0.213364,0.154376,0.075174,0.095779,0.135443,0.052850,0.152601,0.195270,0.125708,0.087812,0.108145,0.103484,0.104724,0.122463,0.115339,0.098835,0.143284,0.106515,0.168361,0.131196,0.161165,0.110250,0.095957,0.053944,0.110707,0.114668,0.081699,0.125129,0.063947,0.097958,0.113381,0.150362,0.123625,0.137247,0.078160,0.110249,0.075418,0.107478,0.146284,0.127097,0.082865,0.132867,0.114860,0.114440,0.157459,0.166233,0.146222,0.181914,0.190818,0.174983,0.148110,0.165185,0.143219,0.127303,0.150069,0.091483,0.155280,0.181645,0.177580,0.162614,0.128196,0.156926,0.110252,0.115397,0.179522,0.150517,0.137438,0.109335,0.170081,0.113970,0.178686,0.104181,0.119540,0.193392,0.106964,0.125568,0.121609,0.141914,0.067965,0.112451,0.067344,0.140241,0.128366,0.118072,0.106317,0.090365,0.139314,0.191766,0.162010,0.169380,0.121142,0.134158,0.139775,0.135732,0.137996,0.119141,0.115659,0.110445,0.152264,0.078633,0.166843,0.130887,0.147084,0.159170,0.097636,0.142450,0.063398,0.076836,0.115269,0.046726,0.068647,0.072853,0.136281,0.134608,0.157286,0.081499,0.140276,0.165128,0.105056,0.149475,0.114900,0.099501,0.103118,0.139446,0.144739,0.114842,0.108015,0.137410,0.135839,0.172021,0.128527,0.092671,0.094180,0.163383,0.080229,0.129640,0.112775,0.143503,0.117399,0.099262,0.105748,0.102109,0.119759,0.122019,0.114027,0.130534,0.113877,0.091202,0.167944,0.099419,0.127692,0.099269,0.180913,0.128026,0.162366,0.108848,0.110022,0.095340,0.127388,0.162404,0.154548,0.116492,0.108658,0.124450,0.101943,0.156812,0.059404,0.114420,0.183905,0.142142,0.185622,0.139856
0.069398,0.090883,0.106986,0.101658,0.080043,1.000000,0.067700,0.139212,0.139838,0.075009,0.105432,0.105835,0.127373,0.069965,0.123722,0.131310,0.094730,0.115754,0.104777,0.050127,0.120845,0.122611,0.131685,0.076736,0.131295,0.084425,0.133773,0.058429,0.168961,0.122399,0.083438,0.093172,0.129070,0.057548,0.120892,0.177083,0.097815,0.098682,0.104201,0.076736,0.099565,0.102769,0.113731,0.075800,0.125056,0.093435,0.147219,0.106218,0.148002,0.099477,0.079906,0.054921,0.087173,0.094960,0.095217,0.117790,0.048323,0.090481,0.116014,0.145145,0.105851,0.106757,0.078020,0.095602,0.069357,0.093190,0.130955,0.122048,0.085898,0.106764,0.106042,0.094067,0.138637,0.138258,0.127947,0.158778,0.165020,0.134315,0.115400,0.149166,0.136146,0.132931,0.119034,0.081446,0.138214,0.142324,0.159894,0.142593,0.115964,0.137201,0.099791,0.102305,0.154362,0.120074,0.125359,0.106811,0.152176,0.098885,0.155114,0.098733,0.095021,0.168651,0.105489,0.110385,0.099451,0.125613,0.066017,0.065961,0.073098,0.117304,0.109154,0.109664,0.088418,0.086225,0.125575,0.146899,0.161210,0.133328,0.116941,0.117468,0.126514,0.112028,0.114606,0.110597,0.110439,0.093245,0.132548,0.078467,0.140074,0.101757,0.126614,0.155405,0.093922,0.131184,0.062596,0.081908,0.097899,0.043882,0.073078,0.083756,0.119487,0.127742,0.124037,0.064030,0.126490,0.129694,0.093111,0.136764,0.104699,0.078150,0.090997,0.128421,0.123974,0.111206,0.109081,0.132812,0.098894,0.121076,0.098639,0.072033,0.086781,0.123593,0.073263,0.127600,0.116562,0.141149,0.105498,0.097602,0.079981,0.094066,0.114720,0.129506,0.083826,0.136707,0.113665,0.084015,0.161368,0.085419,0.081549,0.093444,0.162885,0.104650,0.138771,0.105646,0.097910,0.086636,0.126868,0.107866,0.126302,0.104962,0.091320,0.116042,0.107803,0.145734,0.058147,0.110917,0.128543,0.112637,0.152254,0.133097
0.066289,0.104771,0.073205,0.083753,0.064905,0.067700,1.000000,0.132638,0.116998,0.062985,0.113993,0.072865,0.148377,0.125761,0.099116,0.148612,0.084385,0.143628,0.077431,0.042121,0.132075,0.113637,0.131981,0.120137,0.089356,0.059414,0.141174,0.051156,0.148642,0.092385,0.128104,0.132826,0.095684,0.052912,0.088929,0.175165,0.089048,0.064561,0.082740,0.087426,0.102965,0.085396,0.098433,0.043188,0.129100,0.098564,0.160155,0.071662,0.129952,0.105255,0.075210,0.060365,0.062179,0.066173,0.101681,0.103500,0.032869,0.095629,0.129045,0.146986,0.071583,0.083636,0.071325,0.105177,0.055340,0.070265,0.114244,0.136747,0.072087,0.129656,0.110708,0.075168,0.156672,0.152266,0.095377,0.132593,0.140770,0.113930,0.087890,0.124943,0.147361,0.102138,0.109638,0.132062,0.149951,0.158710,0.130353,0.154516,0.088538,0.107684,0.139215,0.079638,0.144876,0.100124,0.085356,0.134378,0.151563,0.075783,0.115693,0.131186,0.074330,0.146272,0.127876,0.106188,0.097254,0.157331,0.071374,0.034381,0.060471,0.107634,0.113812,0.125004,0.086191,0.090704,0.135726,0.099709,0.142417,0.110000,0.099034,0.154645,0.152381,0.098467,0.069795,0.140672,0.114203,0.080726,0.132176,0.118723,0.130159,0.114294,0.144582,0.161583,0.097383,0.121638,0.064616,0.102282,0.070702,0.036691,0.084616,0.061716,0.142042,0.149956,0.146703,0.058896,0.162214,0.130953,0.080900,0.148747,0.102813,0.055448,0.105334,0.104886,0.118991,0.107393,0.110325,0.096194,0.099754,0.082589,0.105321,0.065763,0.110435,0.143833,0.067779,0.136251,0.097402,0.127253,0.099462,0.125082,0.052615,0.091258,0.086491,0.130442,0.057308,0.101716,0.152936,0.058995,0.162964,0.105602,0.068674,0.145903,0.170243,0.086231,0.107579,0.117957,0.086701,0.070828,0.109351,0.086432,0.092263,0.143800,0.075874,0.108222,0.102200,0.158584,0.043635,0.148753,0.118751,0.083680,0.127724,0.113160
0.111566,0.245061,0.247292,0.212846,0.185286,0.139212,0.132638,1.000000,0.381788,0.163184,0.250349,0.254487,0.322137,0.211883,0.377747,0.359931,0.215208,0.271416,0.250360,0.070316,0.278704,0.305571,0.430140,0.192044,0.308758,0.202695,0.313311,0.110634,0.500843,0.385779,0.196489,0.244813,0.283881,0.091758,0.255472,0.539750,0.200558,0.169854,0.252034,0.262136,0.247103,0.265447,0.267260,0.161060,0.324948,0.227530,0.423711,0.306388,0.405557,0.286436,0.206050,0.117049,0.204801,0.234847,0.205718,0.254263,0.080968,0.194571,0.400378,0.352811,0.226329,0.262784,0.132900,0.228531,0.123253,0.182781,0.371061,0.270274,0.181686,0.317411,0.289938,0.186796,0.414220,0.441671,0.322867,0.492100,0.510458,0.271593,0.281666,0.343120,0.382361,0.289384,0.289319,0.267391,0.373577,0.480957,0.483290,0.430369,0.267226,0.434299,0.241429,0.177595,0.465529,0.321844,0.349649,0.273462,0.468265,0.296965,0.437342,0.255086,0.185705,0.486448,0.263340,0.272056,0.185845,0.324480,0.126164,0.118075,0.123652,0.299646,0.310324,0.277925,0.243865,0.188014,0.351387,0.470908,0.431134,0.398005,0.249162,0.303022,0.327610,0.279485,0.397552,0.303514,0.283174,0.188147,0.310988,0.209686,0.380491,0.292200,0.301212,0.437892,0.203071,0.350731,0.115788,0.167301,0.232198,0.067844,0.175204,0.150881,0.314795,0.350084,0.412981,0.085991,0.355122,0.313599,0.174194,0.428305,0.285498,0.162041,0.223206,0.284032,0.289068,0.216960,0.198622,0.264625,0.260865,0.350322,0.212805,0.132057,0.167963,0.418077,0.139895,0.332451,0.332697,0.331631,0.290957,0.232949,0.169137,0.215824,0.247122,0.315935,0.185679,0.332187,0.302747,0.131437,0.441093,0.225975,0.172881,0.250453,0.448454,0.278624,0.337238,0.292866,0.184515,0.187647,0.303413,0.309657,0.308181,0.278169,0.158309,0.278713,0.232201,0.400867,0.089573,0.300788,0.407579,0.247383,0.468687,0.316179
0.107826,0.212665,0.200447,0.205405,0.202340,0.139838,0.116998,0.381788,1.000000,0.146336,0.237057,0.236865,0.284052,0.173859,0.338715,0.331074,0.202914,0.276537,0.227244,0.096921,0.232784,0.315606,0.326836,0.136509,0.282023,0.189813,0.301820,0.126049,0.515825,0.350701,0.170190,0.223064,0.285916,0.095594,0.290991,0.447006,0.216875,0.170229,0.219673,0.192836,0.206386,0.244989,0.250206,0.162295,0.285961,0.198230,0.382597,0.247461,0.365202,0.215644,0.183017,0.092476,0.215965,0.230498,0.174665,0.258257,0.087556,0.154952,0.303398,0.308354,0.233292,0.228072,0.124808,0.217023,0.120063,0.196385,0.320419,0.242917,0.149254,0.347654,0.241337,0.182796,0.368731,0.371656,0.288229,0.418994,0.436026,0.344451,0.264317,0.370750,0.318554,0.229680,0.306051,0.196121,0.334113,0.399946,0.404761,0.373877,0.268977,0.359768,0.239205,0.194750,0.384222,0.274378,0.248709,0.251221,0.375086,0.204428,0.415929,0.217122,0.187690,0.460531,0.231571,0.253801,0.192860,0.337713,0.118809,0.134172,0.112988,0.256543,0.265162,0.229142,0.191454,0.155978,0.267221,0.469258,0.378876,0.311151,0.244412,0.272639,0.292533,0.275145,0.278751,0.286083,0.260157,0.198337,0.303548,0.160665,0.362702,0.301999,0.302302,0.409541,0.187587,0.335014,0.122520,0.186184,0.235536,0.064315,0.131698,0.135284,0.259406,0.299036,0.333209,0.100763,0.289683,0.369045,0.221010,0.345173,0.230538,0.166314,0.198703,0.263799,0.305033,0.209291,0.181023,0.291886,0.220922,0.344674,0.249731,0.171409,0.180330,0.350030,0.144840,0.297720,0.242532,0.301792,0.236868,0.198130,0.186122,0.183759,0.248180,0.274889,0.189192,0.315632,0.250340,0.149899,0.401828,0.182063,0.219865,0.200505,0.392986,0.222143,0.284795,0.204859,0.212859,0.178168,0.279478,0.310287,0.335093,0.238857,0.208792,0.268956,0.201220,0.340366,0.096821,0.267316,0.360381,0.242423,0.391356,0.314103
0.068573,0.114204,0.104015,0.100662,0.091204,0.075009,0.062985,0.163184,0.146336,1.000000,0.115636,0.117006,0.119542,0.082554,0.147360,0.132247,0.092771,0.112306,0.114168,0.055553,0.114647,0.132883,0.144331,0.082496,0.136539,0.088901,0.129285,0.062473,0.172249,0.139282,0.084785,0.102108,0.121499,0.053484,0.113795,0.182860,0.096241,0.086063,0.099798,0.102210,0.107390,0.111314,0.108446,0.091010,0.113435,0.101494,0.157610,0.122393,0.150508,0.100173,0.095215,0.062368,0.100120,0.116313,0.092396,0.104852,0.054631,0.066747,0.135605,0.136418,0.110576,0.115839,0.072779,0.083555,0.068051,0.090265,0.146560,0.114498,0.080409,0.126577,0.094953,0.093663,0.152212,0.163323,0.131503,0.173153,0.177720,0.125188,0.122605,0.132867,0.148369,0.145548,0.120621,0.104823,0.143711,0.164691,0.166362,0.167033,0.135218,0.168612,0.100500,0.098597,0.157308,0.135445,0.131054,0.114511,0.153918,0.113637,0.169071,0.108125,0.091918,0.173855,0.111109,0.110182,0.094121,0.115944,0.070171,0.066896,0.066711,0.126910,0.123464,0.109222,0.098897,0.078613,0.142994,0.160795,0.157442,0.143460,0.114172,0.113804,0.126089,0.116020,0.139312,0.116742,0.115603,0.094897,0.136950,0.085959,0.152356,0.119650,0.132128,0.150364,0.090594,0.131043,0.058600,0.080838,0.115896,0.047845,0.070488,0.085144,0.131782,0.133651,0.153687,0.053649,0.128741,0.123793,0.095858,0.164044,0.114502,0.092729,0.092545,0.122649,0.122200,0.102799,0.098241,0.123993,0.121862,0.139968,0.090161,0.067779,0.087960,0.143614,0.079095,0.130085,0.126595,0.128770,0.111241,0.093493,0.096401,0.092875,0.107923,0.119799,0.100929,0.140998,0.110086,0.085874,0.154484,0.097107,0.099106,0.106378,0.161911,0.123592,0.149597,0.107931,0.095193,0.079448,0.119268,0.133064,0.123781,0.113234,0.083478,0.124167,0.102297,0.147558,0.056506,0.107796,0.164054,0.121324,0.171286,0.111457
0.094753,0.155391,0.145310,0.146493,0.118385,0.105432,0.113993,0.250349,0.237057,0.115636,1.000000,0.160837,0.205658,0.146963,0.210327,0.223806,0.144409,0.197795,0.163760,0.064849,0.184911,0.209069,0.220692,0.148053,0.177286,0.118053,0.217887,0.079515,0.292047,0.192477,0.149465,0.182084,0.174958,0.078001,0.171664,0.309659,0.136817,0.125784,0.151498,0.143496,0.165087,0.169114,0.173159,0.102789,0.206397,0.148001,0.268761,0.170693,0.257639,0.173461,0.135082,0.095208,0.134309,0.139779,0.142611,0.169203,0.053435,0.125762,0.215612,0.237857,0.151371,0.159384,0.101254,0.156825,0.092051,0.115797,0.217130,0.178019,0.128525,0.206211,0.171229,0.107627,0.253138,0.266330,0.199920,0.255055,0.281054,0.166026,0.143575,0.223794,0.229118,0.173441,0.172665,0.162013,0.239033,0.254743,0.268280,0.266070,0.176459,0.225400,0.177167,0.116223,0.260765,0.179748,0.179786,0.201232,0.251034,0.158048,0.239481,0.177243,0.122638,0.284997,0.172486,0.174865,0.126776,0.210848,0.100725,0.057582,0.104054,0.194662,0.187923,0.169794,0.144232,0.133184,0.225283,0.240806,0.259807,0.213094,0.173910,0.192295,0.215960,0.171490,0.181911,0.204452,0.196919,0.136748,0.212335,0.154767,0.229459,0.181477,0.215715,0.264189,0.148830,0.215613,0.094995,0.127380,0.151408,0.053956,0.113244,0.107881,0.200297,0.213262,0.236031,0.061626,0.227046,0.209843,0.130040,0.253834,0.166267,0.108878,0.153854,0.177027,0.194338,0.169513,0.134586,0.191144,0.159790,0.187168,0.150309,0.094054,0.129942,0.217046,0.115745,0.218129,0.178018,0.203041,0.178701,0.172415,0.112614,0.137388,0.161472,0.213390,0.111410,0.204204,0.199190,0.094481,0.271005,0.134878,0.112450,0.179195,0.271570,0.159245,0.203771,0.183007,0.131943,0.129713,0.197043,0.182878,0.188934,0.195631,0.125014,0.189494,0.158091,0.245041,0.077482,0.194377,0.247460,0.148865,0.267669,0.200440
0.085591,0.165430,0.173055,0.150508,0.116134,0.105835,0.072865,0.254487,0.236865,0.117006,0.160837,1.000000,0.166015,0.115445,0.241508,0.189091,0.127494,0.144873,0.186658,0.060304,0.174770,0.197413,0.229937,0.118654,0.208677,0.137606,0.179517,0.079893,0.269290,0.227543,0.097118,0.121043,0.159881,0.071269,0.171928,0.297400,0.129061,0.139407,0.157223,0.175939,0.147308,0.164765,0.164367,0.119572,0.192161,0.115669,0.239189,0.202061,0.252905,0.155849,0.138268,0.084121,0.141651,0.191596,0.120412,0.165061,0.068339,0.120950,0.213713,0.214705,0.177678,0.154704,0.099557,0.138411,0.095763,0.135545,0.240023,0.165515,0.123307,0.173122,0.153239,0.138203,0.215059,0.254716,0.200191,0.276206,0.271665,0.182879,0.154294,0.210516,0.205211,0.192355,0.177349,0.149169,0.199923,0.266567,0.275450,0.248706,0.173008,0.236318,0.136416,0.112942,0.269035,0.187987,0.226773,0.146084,0.228048,0.185906,0.242439,0.139923,0.145115,0.301539,0.137032,0.175223,0.120012,0.169079,0.079843,0.077003,0.091554,0.178182,0.167417,0.155447,0.162710,0.116870,0.218928,0.285260,0.257972,0.230980,0.162760,0.150219,0.191541,0.164813,0.230906,0.159264,0.177364,0.124387,0.213495,0.114908,0.210764,0.158379,0.180816,0.209749,0.128824,0.211808,0.084496,0.097350,0.171536,0.052345,0.097382,0.102232,0.190430,0.192675,0.239426,0.075491,0.198383,0.180541,0.109279,0.244981,0.165368,0.117681,0.136257,0.194311,0.187304,0.136528,0.130318,0.186883,0.165425,0.244078,0.126247,0.085992,0.107981,0.233494,0.098283,0.202978,0.178683,0.201677,0.185163,0.140834,0.147370,0.131486,0.170654,0.173843,0.140199,0.200607,0.149866,0.101940,0.235336,0.122980,0.128285,0.134533,0.244488,0.187882,0.208171,0.169369,0.113365,0.137632,0.186398,0.195834,0.175893,0.154702,0.116344,0.184869,0.149777,0.235874,0.080808,0.129777,0.256406,0.157173,0.279996,0.176321
0.107826,0.174306,0.193157,0.203307,0.136298,0.127373,0.148377,0.322137,0.284052,0.119542,0.205658,0.166015,1.000000,0.166701,0.213266,0.338960,0.219898,0.265148,0.184282,0.059600,0.257238,0.238603,0.283526,0.161456,0.223408,0.133999,0.338211,0.137469,0.383861,0.215592,0.227058,0.244947,0.277223,0.086521,0.216232,0.438478,0.203095,0.135058,0.185376,0.162481,0.194798,0.219257,0.195884,0.095982,0.304377,0.250170,0.373591,0.169288,0.300682,0.258312,0.156620,0.083199,0.126033,0.139028,0.200826,0.235135,0.064059,0.208072,0.264191,0.310788,0.169933,0.209578,0.135177,0.228355,0.108384,0.173123,0.249136,0.271209,0.154163,0.268110,0.246593,0.180869,0.327017,0.335005,0.240639,0.338497,0.355483,0.278411,0.218038,0.292374,0.322117,0.236179,0.259277,0.224334,0.348110,0.347195,0.329955,0.326921,0.211657,0.301755,0.214470,0.222648,0.323390,0.244549,0.207221,0.255258,0.385990,0.159420,0.326453,0.231026,0.155451,0.358647,0.287776,0.239325,0.206673,0.406549,0.118914,0.162942,0.103456,0.253121,0.209770,0.256893,0.167098,0.213712,0.270703,0.269567,0.335334,0.240071,0.211025,0.356839,0.322185,0.243220,0.189667,0.299153,0.230159,0.142229,0.337637,0.226011,0.328252,0.233727,0.255856,0.375588,0.195401,0.282892,0.103633,0.221156,0.144827,0.066088,0.148833,0.117404,0.304967,0.317287,0.302305,0.142613,0.332217,0.357688,0.162364,0.315503,0.211410,0.114725,0.214291,0.260153,0.278695,0.209427,0.246423,0.230274,0.207075,0.200540,0.250282,0.164229,0.211972,0.327100,0.109605,0.316300,0.253962,0.270810,0.191546,0.226813,0.108939,0.176758,0.205146,0.328830,0.127864,0.276185,0.347811,0.138571,0.405523,0.232825,0.143213,0.268777,0.428638,0.166604,0.296011,0.225870,0.259596,0.152015,0.240494,0.199789,0.242559,0.249004,0.162550,0.221661,0.204519,0.357975,0.068507,0.313341,0.308101,0.195329,0.328101,0.278357
0.073874,0.141737,0.105138,0.115679,0.096540,0.069965,0.125761,0.211883,0.173859,0.082554,0.146963,0.115445,0.166701,1.000000,0.154789,0.197313,0.109470,0.178724,0.105544,0.049234,0.151747,0.146178,0.189928,0.155696,0.123594,0.079794,0.166789,0.058923,0.204934,0.129558,0.163327,0.189757,0.113005,0.059672,0.131867,0.250125,0.110022,0.085718,0.106593,0.150373,0.130790,0.117853,0.130712,0.074953,0.175885,0.119323,0.221822,0.107881,0.181415,0.148856,0.101550,0.077637,0.095507,0.098178,0.127999,0.117549,0.048385,0.114621,0.206923,0.210229,0.106116,0.107507,0.075625,0.145059,0.059763,0.093695,0.167166,0.160743,0.092195,0.164623,0.160565,0.090855,0.224258,0.217118,0.129790,0.191499,0.193683,0.130438,0.113557,0.172484,0.199960,0.133237,0.144737,0.179467,0.191851,0.229230,0.199901,0.220012,0.126231,0.153125,0.186110,0.091594,0.199480,0.131774,0.122779,0.169298,0.203501,0.106723,0.150944,0.177859,0.090677,0.208149,0.148689,0.131353,0.099981,0.184762,0.082888,0.047000,0.079043,0.149264,0.165076,0.160370,0.130983,0.109790,0.197289,0.164212,0.199095,0.167018,0.127998,0.175274,0.201043,0.136202,0.127542,0.185232,0.167449,0.129861,0.186166,0.166742,0.164090,0.140688,0.197661,0.219578,0.123776,0.163533,0.071180,0.133450,0.105920,0.040658,0.119069,0.084575,0.184866,0.190028,0.220192,0.058806,0.203386,0.163800,0.086748,0.228391,0.149096,0.093761,0.128872,0.134575,0.139005,0.120142,0.109093,0.120879,0.138628,0.136213,0.119572,0.073440,0.109395,0.209571,0.081500,0.166673,0.125413,0.158669,0.153298,0.155266,0.085189,0.103978,0.113159,0.169895,0.087876,0.151273,0.198845,0.063810,0.214215,0.124655,0.099291,0.177540,0.223319,0.131824,0.148893,0.159870,0.098097,0.086748,0.130482,0.133523,0.121174,0.212105,0.100438,0.147953,0.134373,0.204161,0.058827,0.196724,0.177866,0.114389,0.189385,0.160689
0.111578,0.209110,0.227486,0.200065,0.165569,0.123722,0.099116,0.377747,0.338715,0.147360,0.210327,0.241508,0.213266,0.154789,1.000000,0.232001,0.181329,0.195050,0.216772,0.086021,0.215691,0.296133,0.325966,0.156987,0.304840,0.198221,0.190730,0.110132,0.383357,0.355464,0.117019,0.139792,0.207344,0.084227,0.244539,0.382475,0.190060,0.154950,0.231768,0.223323,0.187466,0.223998,0.207381,0.186096,0.242114,0.166598,0.288539,0.270444,0.336049,0.207133,0.181963,0.113515,0.212846,0.242884,0.140004,0.230774,0.086487,0.170795,0.289636,0.291176,0.233789,0.202881,0.122501,0.169614,0.113973,0.165440,0.320430,0.221440,0.153968,0.202838,0.206061,0.181741,0.293747,0.326619,0.275366,0.375359,0.392171,0.274708,0.254055,0.314424,0.261375,0.259320,0.259295,0.195329,0.276727,0.352641,0.358626,0.309133,0.248362,0.329831,0.183409,0.165545,0.357686,0.264953,0.295416,0.176697,0.311061,0.263347,0.360971,0.186070,0.184487,0.399619,0.172116,0.228984,0.157988,0.176092,0.094163,0.102041,0.107804,0.242204,0.252205,0.197298,0.207573,0.136859,0.281821,0.444844,0.342193,0.347404,0.220783,0.168754,0.202782,0.226303,0.334863,0.187537,0.222909,0.172400,0.262798,0.138087,0.289103,0.218566,0.255038,0.274373,0.169633,0.290302,0.112819,0.108935,0.239613,0.062827,0.130597,0.129601,0.244729,0.247703,0.295157,0.086374,0.265990,0.236476,0.160672,0.306133,0.238320,0.171445,0.162147,0.253920,0.241092,0.174809,0.164387,0.235125,0.218039,0.347898,0.177394,0.138444,0.125906,0.314121,0.132003,0.250180,0.249606,0.262896,0.262330,0.185501,0.184093,0.178903,0.234627,0.209707,0.194733,0.241163,0.182679,0.129495,0.316787,0.162996,0.204961,0.164361,0.298164,0.259223,0.292945,0.230561,0.160129,0.161049,0.225375,0.290542,0.263296,0.215701,0.166404,0.246952,0.186066,0.299591,0.096889,0.160137,0.334051,0.242902,0.376497,0.225041
0.105005,0.190163,0.175569,0.192838,0.140837,0.131310,0.148612,0.359931,0.331074,0.132247,0.223806,0.189091,0.338960,0.197313,0.232001,1.000000,0.196299,0.289257,0.219703,0.058066,0.266885,0.249562,0.334256,0.180772,0.231977,0.125753,0.359148,0.103921,0.431661,0.240563,0.249112,0.308967,0.282930,0.088017,0.208373,0.511646,0.171054,0.145463,0.195684,0.199396,0.211099,0.217202,0.236083,0.093965,0.309348,0.218099,0.447826,0.194418,0.357524,0.257733,0.175305,0.090501,0.131216,0.178187,0.221402,0.223510,0.067884,0.173371,0.348764,0.331893,0.188513,0.200283,0.126825,0.237792,0.099371,0.159098,0.300529,0.261255,0.155844,0.322764,0.285476,0.147972,0.380312,0.401857,0.249298,0.392290,0.403556,0.230131,0.175665,0.290312,0.392073,0.241794,0.245788,0.252943,0.352348,0.415621,0.414267,0.412953,0.210739,0.332703,0.240139,0.173163,0.390453,0.231823,0.218388,0.304924,0.455137,0.170143,0.327785,0.251554,0.141117,0.428497,0.298200,0.240756,0.182007,0.428523,0.123721,0.094693,0.111963,0.267283,0.265382,0.264060,0.185812,0.198927,0.288194,0.298295,0.375039,0.270502,0.209102,0.364030,0.373424,0.240860,0.232050,0.357684,0.303152,0.150162,0.326099,0.248309,0.360983,0.267839,0.274816,0.467115,0.194443,0.306019,0.110819,0.244573,0.149205,0.057259,0.171364,0.129597,0.296869,0.332088,0.394069,0.098328,0.342224,0.315030,0.163052,0.400352,0.232525,0.111228,0.227874,0.235252,0.271097,0.211613,0.197707,0.250954,0.216291,0.227359,0.205565,0.121681,0.193892,0.370607,0.120763,0.331913,0.256590,0.293472,0.216962,0.227989,0.121791,0.201216,0.204843,0.344778,0.111696,0.334254,0.382456,0.122955,0.431565,0.209768,0.122091,0.285312,0.471632,0.189969,0.268308,0.238666,0.210685,0.148463,0.248297,0.223166,0.237617,0.277046,0.135332,0.252121,0.212879,0.389179,0.081935,0.370016,0.338566,0.180065,0.357270,0.320787
0.078953,0.133333,0.171876,0.167427,0.115734,0.094730,0.084385,0.215208,0.202914,0.092771,0.144409,0.127494,0.219898,0.109470,0.181329,0.196299,1.000000,0.167310,0.133947,0.062020,0.185614,0.200277,0.169234,0.117768,0.207934,0.128424,0.209205,0.140247,0.244838,0.160978,0.115974,0.119651,0.180864,0.067690,0.159620,0.270991,0.159025,0.102741,0.148757,0.117362,0.135534,0.162084,0.136795,0.084172,0.210417,0.179927,0.234137,0.155232,0.217112,0.176405,0.123885,0.076175,0.113157,0.127787,0.111130,0.169719,0.073947,0.161659,0.144773,0.222015,0.161621,0.163095,0.093977,0.165758,0.079823,0.124214,0.179756,0.178405,0.122443,0.169727,0.146357,0.146401,0.201248,0.210456,0.186150,0.217689,0.227217,0.229758,0.194440,0.222322,0.196226,0.180374,0.206030,0.142097,0.197254,0.204250,0.211616,0.203619,0.151036,0.175223,0.142764,0.204720,0.234899,0.211277,0.160377,0.143626,0.233389,0.134116,0.201772,0.152391,0.146511,0.254420,0.151446,0.170313,0.152386,0.228573,0.079837,0.205537,0.073266,0.183596,0.171305,0.180617,0.130089,0.160537,0.209206,0.216780,0.223861,0.183054,0.154159,0.216179,0.177011,0.161342,0.163233,0.164628,0.142126,0.110729,0.225495,0.131123,0.219802,0.148415,0.179683,0.211740,0.139552,0.205064,0.075553,0.136471,0.132574,0.061509,0.109124,0.092439,0.208619,0.192388,0.180062,0.116413,0.214811,0.238804,0.122989,0.178467,0.163671,0.133690,0.135849,0.186095,0.191881,0.137076,0.164348,0.162563,0.180542,0.177253,0.169425,0.141171,0.140137,0.191970,0.084751,0.193052,0.156149,0.175263,0.163687,0.147639,0.135838,0.123517,0.173902,0.190153,0.132862,0.141661,0.190963,0.141502,0.227805,0.152442,0.150719,0.151434,0.294012,0.133251,0.256577,0.151892,0.196407,0.129433,0.174673,0.162896,0.198685,0.149796,0.131712,0.172287,0.141230,0.232399,0.061512,0.142336,0.225981,0.217653,0.222734,0.185395
0.091027,0.176382,0.147055,0.165119,0.116364,0.115754,0.143628,0.271416,0.276537,0.112306,0.197795,0.144873,0.265148,0.178724,0.195050,0.289257,0.167310,1.000000,0.148990,0.062879,0.221785,0.232341,0.244584,0.161330,0.185189,0.105660,0.266331,0.087739,0.344745,0.188240,0.212179,0.233598,0.209995,0.076450,0.199949,0.354362,0.185280,0.119550,0.157994,0.154202,0.176971,0.176934,0.182309,0.088033,0.251409,0.189215,0.330965,0.142867,0.260232,0.178340,0.132709,0.079068,0.127586,0.118473,0.170184,0.189701,0.072726,0.140040,0.230257,0.270946,0.152569,0.167566,0.107165,0.209218,0.081584,0.136052,0.221619,0.238026,0.130351,0.266797,0.195350,0.136359,0.322770,0.319318,0.210672,0.294137,0.317478,0.224552,0.194541,0.254483,0.283433,0.218619,0.229023,0.200355,0.295974,0.299372,0.281860,0.314944,0.178912,0.241839,0.212666,0.170692,0.293694,0.210810,0.168252,0.249616,0.305417,0.141348,0.263950,0.231101,0.129154,0.319859,0.221586,0.203055,0.183627,0.313842,0.119199,0.084596,0.095853,0.212446,0.222603,0.211448,0.147220,0.163248,0.254059,0.235873,0.284668,0.209583,0.195562,0.264832,0.271049,0.200681,0.147505,0.262726,0.231609,0.159291,0.262972,0.191171,0.292587,0.227161,0.261680,0.317658,0.179428,0.242435,0.087293,0.178152,0.137893,0.056423,0.136403,0.115505,0.233993,0.274761,0.271302,0.086948,0.273435,0.295862,0.143316,0.282490,0.185372,0.114196,0.187767,0.213195,0.234240,0.185069,0.182914,0.204212,0.197596,0.183271,0.182648,0.115920,0.160934,0.246877,0.109385,0.257321,0.195857,0.230940,0.173701,0.194936,0.111698,0.163884,0.172783,0.238689,0.118351,0.235209,0.264253,0.107866,0.347444,0.161943,0.135542,0.215598,0.346773,0.162237,0.238395,0.193294,0.181689,0.126051,0.218651,0.192033,0.208031,0.241535,0.144157,0.202877,0.182042,0.304537,0.066014,0.268108,0.255523,0.177912,0.287470,0.233474
0.087331,0.148633,0.151563,0.146760,0.113055,0.104777,0.077431,0.250360,0.227244,0.114168,0.163760,0.186658,0.184282,0.105544,0.216772,0.219703,0.133947,0.148990,1.000000,0.057799,0.170705,0.184381,0.229515,0.107591,0.197542,0.127076,0.202901,0.086673,0.268764,0.205312,0.108843,0.146524,0.189004,0.071861,0.151671,0.317003,0.108347,0.136545,0.161182,0.145160,0.152799,0.159405,0.179274,0.099036,0.181372,0.140457,0.255881,0.189688,0.255680,0.166223,0.129388,0.079922,0.128998,0.181114,0.130277,0.156970,0.061762,0.114388,0.233249,0.214095,0.169837,0.160431,0.103451,0.130225,0.095445,0.122811,0.238977,0.163409,0.117245,0.174805,0.175356,0.113624,0.218879,0.250246,0.210854,0.280500,0.285978,0.172095,0.140236,0.207043,0.227738,0.184519,0.179467,0.142581,0.217708,0.273912,0.288820,0.256109,0.170921,0.251070,0.140108,0.118349,0.270606,0.183539,0.198998,0.163870,0.265337,0.159892,0.244388,0.140545,0.124936,0.306598,0.161172,0.183588,0.126566,0.211457,0.077574,0.071727,0.095503,0.190642,0.185141,0.166825,0.151452,0.128087,0.184719,0.264699,0.265285,0.216653,0.156594,0.191288,0.203156,0.175930,0.230144,0.187907,0.181439,0.119420,0.228737,0.128119,0.225985,0.153589,0.171573,0.275055,0.120692,0.214760,0.081850,0.130157,0.150176,0.056422,0.103192,0.117165,0.179987,0.188402,0.237609,0.067840,0.201392,0.182074,0.125533,0.248660,0.166637,0.105529,0.139565,0.174195,0.179852,0.151504,0.122845,0.200780,0.151349,0.218648,0.135626,0.085600,0.115731,0.244426,0.100992,0.221914,0.179036,0.210602,0.175864,0.142525,0.128253,0.127387,0.170044,0.212820,0.111969,0.223091,0.181131,0.104610,0.258864,0.132342,0.109023,0.152548,0.268034,0.170782,0.222050,0.153010,0.125711,0.129592,0.191002,0.184681,0.179371,0.150011,0.106619,0.209287,0.151725,0.243590,0.076764,0.167693,0.242380,0.147156,0.272941,0.212917
0.049180,0.060233,0.070188,0.062118,0.060230,0.050127,0.042121,0.070316,0.096921,0.055553,0.064849,0.060304,0.059600,0.049234,0.086021,0.058066,0.062020,0.062879,0.057799,1.000000,0.064177,0.090001,0.063600,0.051180,0.096971,0.081208,0.061796,0.062495,0.090611,0.084494,0.044088,0.049833,0.064390,0.035601,0.079109,0.079686,0.074714,0.052566,0.067034,0.046866,0.054859,0.066943,0.060287,0.073812,0.068992,0.057949,0.073671,0.062387,0.073394,0.050727,0.046247,0.038499,0.088477,0.063214,0.047714,0.066230,0.038362,0.049563,0.051101,0.071791,0.086990,0.059734,0.048228,0.065228,0.043507,0.079210,0.069539,0.068690,0.055775,0.064449,0.048777,0.060458,0.069081,0.069045,0.073717,0.079847,0.079686,0.102602,0.092022,0.088407,0.062882,0.072230,0.073028,0.044963,0.069616,0.065542,0.068452,0.071445,0.077946,0.060287,0.060240,0.078032,0.074985,0.072039,0.063953,0.061345,0.062854,0.053116,0.082567,0.055975,0.063633,0.092153,0.052018,0.062125,0.057737,0.054539,0.047347,0.061352,0.047692,0.074108,0.060237,0.053488,0.049618,0.042645,0.073253,0.091927,0.074569,0.072337,0.071196,0.047868,0.057555,0.076739,0.054075,0.053345,0.058444,0.063673,0.073161,0.040858,0.074867,0.061977,0.075137,0.067898,0.057190,0.073697,0.044828,0.037661,0.077224,0.032817,0.041600,0.056508,0.061186,0.059494,0.060259,0.029223,0.064214,0.072743,0.077217,0.060988,0.064614,0.072394,0.053809,0.075438,0.077377,0.063422,0.054025,0.078282,0.081956,0.085432,0.064522,0.074386,0.046942,0.060110,0.046933,0.064315,0.056639,0.063110,0.065055,0.056536,0.071020,0.047331,0.065116,0.058286,0.081211,0.062383,0.051679,0.074905,0.076144,0.046769,0.090864,0.050028,0.069658,0.055476,0.076266,0.052684,0.062220,0.050462,0.068566,0.085389,0.093826,0.056242,0.076411,0.066870,0.058916,0.071619,0.046090,0.049746,0.077309,0.090249,0.082981,0.070141
0.100425,0.165587,0.198710,0.191892,0.119714,0.120845,0.132075,0.278704,0.232784,0.114647,0.184911,0.174770,0.257238,0.151747,0.215691,0.266885,0.185614,0.221785,0.170705,0.064177,1.000000,0.244739,0.250197,0.154303,0.239769,0.134828,0.291995,0.131223,0.331836,0.201954,0.175170,0.187831,0.216754,0.080795,0.204393,0.377850,0.169107,0.139785,0.155306,0.159705,0.182547,0.193762,0.188163,0.100926,0.289227,0.207486,0.340993,0.182314,0.278695,0.209009,0.136625,0.088752,0.139797,0.154613,0.165192,0.217996,0.067480,0.201969,0.218531,0.284868,0.187319,0.190862,0.125366,0.216274,0.095539,0.153849,0.233261,0.240347,0.140725,0.240680,0.210873,0.163541,0.278670,0.302869,0.232097,0.301723,0.301859,0.244351,0.225505,0.267071,0.274082,0.247536,0.223093,0.197570,0.258455,0.295425,0.282469,0.292567,0.184003,0.221739,0.181785,0.207135,0.309240,0.223281,0.215318,0.215681,0.296426,0.168605,0.254920,0.196079,0.160976,0.350197,0.208120,0.209168,0.182556,0.313052,0.108150,0.148058,0.106357,0.218753,0.216091,0.239366,0.155410,0.191348,0.271166,0.247508,0.304278,0.232162,0.197369,0.274955,0.264211,0.214011,0.183753,0.230065,0.224663,0.132714,0.279890,0.173525,0.285698,0.198429,0.227729,0.288933,0.183542,0.256317,0.100917,0.164581,0.141293,0.071924,0.134905,0.121531,0.259287,0.287173,0.253504,0.120261,0.309849,0.268672,0.140156,0.256044,0.235372,0.126011,0.199460,0.234495,0.261145,0.179954,0.200146,0.213467,0.221874,0.188642,0.190960,0.145800,0.163468,0.246970,0.102097,0.266424,0.198536,0.243597,0.200583,0.197970,0.130410,0.148667,0.209358,0.260638,0.138258,0.216871,0.257092,0.132545,0.334162,0.175426,0.147041,0.215096,0.374955,0.169475,0.259535,0.219092,0.205302,0.149336,0.227135,0.185678,0.221357,0.209128,0.154359,0.207746,0.203498,0.329228,0.071957,0.225530,0.254997,0.196172,0.281660,0.244519
0.107619,0.198671,0.236914,0.204415,0.161066,0.122611,0.113637,0.305571,0.315606,0.132883,0.209069,0.197413,0.238603,0.146178,0.296133,0.249562,0.200277,0.232341,0.184381,0.090001,0.244739,1.000000,0.244840,0.138723,0.275789,0.176808,0.264898,0.136984,0.388038,0.259684,0.145300,0.173359,0.230782,0.093762,0.263356,0.389451,0.206418,0.148268,0.184541,0.167461,0.192357,0.223112,0.196327,0.135082,0.290180,0.204378,0.344670,0.229036,0.302300,0.204790,0.159037,0.097921,0.192884,0.195701,0.153131,0.228636,0.081360,0.175831,0.196136,0.272723,0.219801,0.212219,0.121660,0.215005,0.099432,0.184147,0.255209,0.244133,0.159396,0.235954,0.185233,0.175424,0.293476,0.320128,0.256308,0.323571,0.345069,0.312568,0.252092,0.307970,0.282209,0.238269,0.266602,0.183314,0.280042,0.316606,0.303146,0.304379,0.235991,0.271328,0.201546,0.198466,0.357247,0.263994,0.243537,0.205892,0.311383,0.195690,0.315365,0.211361,0.189749,0.378830,0.198556,0.227187,0.179217,0.267301,0.109008,0.108030,0.108555,0.257578,0.220470,0.210972,0.177924,0.151367,0.277924,0.337090,0.313615,0.284349,0.230775,0.243893,0.230113,0.228117,0.230104,0.222357,0.221495,0.163824,0.278268,0.143741,0.315526,0.221766,0.253017,0.279167,0.182279,0.280671,0.099203,0.146100,0.204181,0.072712,0.140630,0.123771,0.251101,0.259341,0.264919,0.090026,0.283152,0.304801,0.181259,0.257155,0.229584,0.171032,0.187118,0.258595,0.269307,0.187984,0.187707,0.235333,0.253316,0.256808,0.187683,0.153332,0.161788,0.271842,0.122409,0.253742,0.220482,0.256048,0.228700,0.186544,0.167328,0.157126,0.246900,0.222131,0.169368,0.215903,0.221233,0.145409,0.331913,0.174227,0.204113,0.185269,0.367120,0.196301,0.278308,0.202907,0.206715,0.159095,0.227163,0.257650,0.280877,0.211904,0.183716,0.228619,0.188178,0.313806,0.095258,0.201020,0.322580,0.254730,0.344966,0.245747
